1000
'2018-09-04'	999
'2018-03-28'	998
'2018-03-01'	997
'2018-02-21'	996
'2018-01-20'	995
422	994
409	993
369	992
'2025-09-28'	991
'2025-08-21'	990
'2025-08-01'	989
'2025-07-13'	988
'2025-04-09'	987
'2024-12-23'	986
'2024-10-03'	985
'2024-08-27'	984
'2024-08-10'	983
'2024-07-26'	982
'2024-06-30'	981
'2024-04-12'	980
'2024-01-15'	979
'2023-12-12'	978
'2023-09-02'	977
'2023-08-26'	976
'2023-05-29'	975
'2023-05-08'	974
'2023-04-20'	973
'2023-04-06'	972
'2022-09-26'	970
'2022-07-30'	969
'2022-07-01'	968
'2022-04-08'	967
'2022-01-19'	966
'2021-11-28'	965
'2021-11-25'	964
'2021-11-03'	962
'2021-09-19'	961
'2021-09-18'	960
'2021-06-30'	959
'2021-04-21'	958
'2021-02-23'	957
'2021-02-16'	956
'2020-10-23'	955
'2020-10-12'	954
'2020-10-11'	953
'2020-08-16'	952
'2020-08-04'	951
'2020-04-19'	950
'2020-04-06'	949
'2020-04-05'	948
'2020-03-31'	947
'2020-02-18'	946
'2019-12-26'	945
'2019-12-11'	944
'2019-10-06'	943
'2019-09-13'	942
'2019-07-13'	941
'2019-07-11'	940
'2019-06-30'	939
'2019-05-25'	938
'2019-04-05'	937
'2019-03-10'	936
'2019-02-05'	935
'2019-01-12'	934
'2018-12-22'	933
'2018-12-02'	932
'2018-11-04'	931
'2018-10-31'	930
'2018-06-29'	929
'2018-06-24'	928
'2018-05-01'	927
218	926
'2025-11-18'	925
'2025-11-01'	924
'2025-08-18'	923
'2025-06-15'	922
'2025-01-11'	921
'2024-12-24'	920
'2024-10-30'	919
'2024-10-02'	918
'2024-09-02'	917
'2024-07-16'	916
'2024-06-08'	915
'2024-05-30'	914
'2024-05-26'	913
'2023-10-02'	912
'2023-09-12'	910
'2023-09-10'	909
'2023-07-03'	908
'2023-04-19'	907
'2022-12-22'	906
'2022-10-25'	905
'2022-10-19'	904
'2022-09-27'	903
'2022-08-18'	902
'2022-06-14'	901
'2022-06-06'	900
'2022-05-08'	899
'2022-04-20'	898
'2022-03-18'	897
'2022-01-15'	896
'2021-11-21'	895
'2021-11-16'	894
'2021-09-20'	893
'2021-09-01'	892
'2021-08-28'	891
'2021-08-07'	890
'2021-05-04'	889
'2021-01-17'	888
'2020-12-23'	887
'2020-07-21'	886
'2020-06-24'	885
'2020-06-07'	884
'2019-11-23'	883
'2019-10-13'	882
'2019-10-12'	881
'2019-10-08'	880
'2019-06-20'	879
'2019-06-07'	878
'2019-04-08'	877
'2018-10-18'	876
'2018-10-05'	875
'2018-09-18'	874
'2018-05-13'	873
'2018-03-24'	872
471	871
251	870
'2025-12-30'	869
'2025-12-16'	868
'2025-11-24'	866
'2025-03-22'	865
'2025-03-18'	864
'2025-02-27'	863
'2024-12-30'	862
'2024-11-21'	861
'2024-06-03'	860
'2024-04-16'	859
'2024-04-04'	858
'2024-03-21'	857
'2024-02-23'	856
'2023-12-19'	855
'2023-11-20'	854
'2023-11-03'	853
'2023-07-09'	852
'2023-06-02'	851
'2023-04-17'	850
'2023-04-07'	849
'2023-04-03'	848
'2023-01-17'	847
'2022-03-27'	846
'2022-01-21'	845
'2021-08-18'	844
'2020-10-05'	843
'2020-09-20'	842
'2020-08-12'	841
'2020-06-23'	840
'2020-04-26'	839
'2020-02-15'	838
'2019-10-16'	837
'2019-08-14'	836
'2019-06-09'	835
'2019-03-21'	834
'2019-03-11'	833
'2019-01-24'	832
'2018-11-22'	831
'2018-11-05'	830
'2018-07-21'	829
'2018-04-09'	828
465	827
365	826
358	825
333	824
'2025-12-07'	823
'2025-10-29'	822
'2025-08-25'	821
'2025-06-03'	820
'2025-05-02'	819
'2025-04-21'	818
'2025-02-22'	817
'2024-10-24'	816
'2024-06-24'	815
'2024-05-08'	814
'2024-01-21'	813
'2023-11-29'	812
'2023-10-19'	811
'2023-07-21'	810
'2023-01-21'	809
'2022-12-24'	808
'2022-06-30'	807
'2022-04-12'	806
'2022-03-06'	805
'2021-10-18'	804
'2021-09-03'	803
'2021-08-17'	802
'2021-08-15'	801
'2021-07-21'	800
'2021-06-18'	799
'2021-05-05'	798
'2020-12-17'	797
'2020-06-02'	796
'2020-01-21'	795
'2019-06-28'	794
'2019-05-18'	793
'2018-06-20'	792
'2018-03-29'	791
286	790
262	789
'2025-08-30'	788
'2025-08-29'	787
'2025-06-30'	786
'2025-05-25'	785
'2025-03-17'	784
'2025-03-12'	783
'2024-12-10'	782
'2024-09-19'	781
'2024-01-10'	780
'2023-09-25'	779
'2023-08-16'	778
'2022-05-09'	777
'2021-12-01'	776
'2021-08-21'	775
'2020-11-24'	774
'2020-01-30'	773
'2019-12-13'	772
'2019-11-29'	771
'2018-08-27'	770
'2018-08-01'	769
'2018-02-25'	768
477	767
468	766
447	765
419	764
376	763
332	762
311	761
296	760
263	759
248	758
213	757
206	756
201	755
'2025-08-31'	754
'2025-07-31'	753
'2025-07-18'	752
'2024-12-05'	751
'2024-08-01'	750
'2024-06-17'	749
'2024-06-14'	748
'2023-08-03'	747
'2023-07-02'	746
'2022-12-20'	745
'2022-03-31'	744
'2022-03-29'	743
'2021-08-08'	742
'2019-07-23'	740
476	739
418	738
381	737
378	736
360	735
352	734
234	733
'2025-10-22'	732
'2025-06-23'	731
'2024-10-10'	730
'2024-01-22'	729
'2023-12-15'	728
'2023-05-11'	727
'2023-04-15'	726
'2022-05-07'	725
'2022-03-26'	724
'2021-06-15'	723
'2020-10-06'	722
'2019-10-18'	721
'2019-03-09'	720
'2018-06-10'	719
'2018-04-02'	718
431	717
353	716
338	715
323	714
308	713
266	712
241	711
219	710
'2024-12-25'	709
'2024-05-13'	708
'2023-09-22'	707
'2023-06-04'	706
'2022-08-05'	705
'2021-03-12'	704
'2019-07-06'	703
'2019-06-23'	702
'2018-02-04'	701
481	700
472	699
446	698
400	697
398	696
'2025-12-06'	867
382	695
345	694
283	693
273	692
259	691
239	690
237	689
'2020-07-31'	688
'2020-01-22'	687
'2019-09-01'	686
'2019-08-01'	685
432	684
393	683
392	682
390	681
346	680
322	679
281	678
271	677
257	676
253	675
231	674
229	673
'2024-03-11'	672
'2022-04-26'	671
'2020-01-18'	670
'2019-05-12'	669
460	668
458	667
440	666
411	665
354	664
343	663
324	662
316	661
302	660
277	659
264	658
211	657
'2019-02-13'	656
'2018-12-14'	655
'2018-06-17'	654
'2018-04-26'	653
'2020-10-21'	741
499	652
467	651
461	650
457	649
445	648
435	647
417	646
380	645
355	644
310	643
290	642
280	641
269	640
221	639
216	638
'2021-07-09'	637
'2019-03-08'	636
'2018-01-11'	635
491	634
485	633
474	632
466	631
463	630
452	629
437	628
428	627
414	626
307	625
267	624
258	623
233	622
230	621
226	620
217	619
203	618
492	617
482	616
469	615
449	614
425	613
413	612
412	611
403	610
325	609
303	608
299	607
265	606
245	605
'2018-05-23'	604
402	603
395	602
'2021-11-22'	963
394	601
348	600
326	599
321	598
313	597
288	596
243	595
207	594
493	593
470	592
462	591
454	590
427	589
415	588
384	587
371	586
366	585
294	584
289	583
250	582
236	581
'2020-07-09'	580
'2020-03-26'	579
464	578
459	577
406	576
383	575
364	574
356	573
334	572
328	571
305	570
295	569
292	568
284	567
244	566
223	565
202	564
475	563
450	562
442	561
436	560
379	559
375	558
359	557
357	556
293	555
275	554
246	553
498	552
473	551
453	550
386	549
361	548
320	547
282	546
279	545
252	544
242	543
224	542
209	541
484	540
455	539
448	538
385	537
374	536
362	535
344	534
340	533
329	532
319	531
309	530
298	529
287	528
222	527
214	526
210	525
205	524
495	523
416	522
391	521
370	520
342	519
331	518
272	517
268	516
240	515
496	514
483	513
433	512
426	511
410	510
399	509
327	507
297	506
285	505
256	504
254	503
232	502
486	501
444	500
443	499
439	498
434	497
408	496
405	495
396	494
351	493
350	492
337	491
315	490
300	489
261	488
488	487
421	485
407	484
367	483
318	482
304	481
249	480
487	479
478	478
441	477
430	476
420	475
339	474
314	473
291	472
208	471
489	470
423	469
388	468
363	467
276	466
270	465
228	464
227	463
397	462
336	461
312	460
278	459
247	458
373	457
368	456
274	455
220	454
212	453
497	452
347	451
255	450
490	449
480	448
451	447
438	446
424	445
341	444
330	443
479	442
429	441
225	440
494	439
389	438
260	437
238	436
306	435
301	434
372	433
204	432
377	431
128	430
122	429
159	428
165	427
138	426
191	425
192	424
166	423
160	422
105	421
148	420
158	419
100	418
198	417
151	416
104	415
157	414
129	413
106	412
195	411
175	410
156	409
101	408
181	407
170	406
153	405
121	404
108	403
199	402
147	401
103	400
173	399
169	398
196	397
113	396
142	395
194	394
155	393
184	392
172	391
162	390
193	389
115	388
132	387
114	386
167	385
189	384
161	383
112	382
197	381
186	380
144	379
136	378
117	377
130	376
118	375
188	374
127	373
109	372
141	371
137	370
123	369
125	368
124	367
102	366
190	365
177	364
174	363
171	362
149	361
152	360
154	359
133	358
176	357
119	356
182	355
150	354
179	353
143	352
'2022-09-30'	971
139	351
131	350
185	349
145	348
180	347
163	346
110	345
107	344
187	343
126	342
183	341
120	340
134	339
168	338
146	337
111	336
140	335
135	334
116	333
164	332
178	331
95	330
99	329
98	328
96	327
97	326
2	325
76	324
65	323
58	322
68	321
94	320
92	319
78	318
89	317
84	316
335	508
55	315
88	314
71	313
51	312
67	311
59	310
54	309
63	308
82	307
75	306
56	305
87	304
72	303
69	302
85	301
81	300
70	299
93	298
77	297
52	296
74	295
86	294
61	293
66	292
90	291
80	290
91	289
57	288
83	287
79	286
60	285
53	284
64	283
73	282
62	281
46	280
45	279
47	278
34	277
30	276
42	275
37	274
33	273
36	271
35	270
32	269
49	268
38	267
48	266
43	265
40	264
44	263
41	262
4	261
3	260
31	259
9	258
8	257
6	256
7	255
5	254
21	253
11	252
15	251
22	250
19	249
14	248
12	247
23	246
29	245
24	244
20	243
28	242
18	241
13	240
25	239
16	238
26	237
10	236
17	235
27	234
'toys'	233
'books'	232
'rub'	231
'eur'	230
'jpy'	229
'engineering'	228
'usd'	227
'sales'	226
'home'	225
'hr'	224
'clothing'	223
'marketing'	222
'support'	221
'gbp'	220
'electronics'	219
'finance'	218
'manager'	217
'specialist'	216
'cancelled'	215
'refunded'	214
'dermatology'	213
'director'	212
'therapy'	211
'shipped'	210
'paid'	209
'neurology'	208
'novosibirsk'	207
'cardiology'	206
'pending'	205
'pediatrics'	204
'engineer'	203
'music'	202
'news'	201
'analyst'	200
'travel'	199
'food'	198
'/docs'	197
'/pricing'	196
'/blog'	195
'/'	194
'ai'	193
'/login'	192
'/signup'	191
'router'	190
'camera'	189
'meter'	188
'history'	187
'delayed'	186
'thermostat'	185
'delivered'	184
'returned'	183
'biology'	182
'programming'	181
'physics'	180
'sensor'	179
'math'	178
'created'	177
'in_transit'	176
'transfer'	175
'sports'	174
'dan@example.com'	173
'bob@example.com'	172
'carol@example.com'	171
'alice@example.com'	170
'voltage'	169
'signal'	168
'temperature'	167
'power'	166
'humidity'	165
'ekb'	164
'spb'	163
'sochi'	162
'kazan'	161
'moscow'	160
end	159
else	158
coalesce	157
case	156
balance	155
-amount	154
1	153
healthcare.clinics	152
healthcare.doctors	151
456	486
clinic_id	150
stock	149
total	148
revenue	147
healthcare.diagnoses	146
diagnosis	145
scheduled_at::date	144
doctor_id	143
days'	142
'7	141
'income'	140
day'	139
<	138
'1	137
hours'	136
avg_value	135
'hour'	134
'24	133
social.comments	132
t.tag	131
t.post_id	130
t	129
social.post_tags	128
p.user_id	127
p.body	126
p	125
shipment_id	124
logistics.tracking_events	123
event	122
g.course_id	121
student_id	120
course_id	119
education.enrollments	118
e.student_id	117
e.course_id	116
e	115
g.student_id	114
device_id	113
ts::date	112
distinct	111
dau	110
200	109
50	108
update	107
set	106
total_expense	105
values	104
into	103
insert	102
email	101
delete	100
when	99
then	98
0	97
created_at::date	96
'expense'	95
ecommerce.orders	94
specialty	93
avg_salary	92
patient_id	91
healthcare.appointments	90
title	89
between	88
'day'	87
destination_city	86
device_type	85
iot.devices	84
post_id	83
comments	82
tracking_no	81
p.id	80
p.created_at	79
metric	78
iot.telemetry	77
account_id	76
education.courses	75
course	74
c.id	73
c	72
g.score	71
g	70
updated_at	69
s	68
education.students	67
views	66
sum	65
scheduled_at	64
ecommerce.products	63
currency	62
now	61
interval	60
-	59
date_trunc	58
city	57
category	56
hour	55
social.posts	54
logistics.shipments	53
value	52
score	51
education.grades	50
department	49
avg	48
hr.employees	47
user_id	46
finance.transactions	45
c.name	44
avg_score	43
s.full_name	42
returning	41
public.users	40
analytics.pageviews	39
path	38
and	37
amount	36
kind	35
full_name	34
last_seen	33
likes_count	32
on	31
join	30
s.id	29
day	28
39	272
salary	27
price	26
status	25
name	24
ts	23
created_at	22
>	21
*	20
asc	19
'2023-09-20'	911
limit	18
count	17
group	16
as	15
desc	14
)	13
(	12
id	11
where	10
=	9
order	8
select	7
from	6
by	5
,	4
<UNK>	3
<EOS>	2
<SOS>	1
<PAD>	0
