176
"Новая	173
"Ванкувер"}'	170
"euge%'	168
'asia/omsk'	167
'%acv%'	165
coordinates	164
airport_name	161
airport_code	159
city	158
"new	171
country	156
10	154
'europe/podgorica'	175
26	152
25	151
28	149
15	148
17	150
38	147
'e70'	146
23	145
44	143
35	142
905	138
'77w'	134
Зеландия"}'	174
41	131
18	130
'32n'	128
870	127
'%{"en":	30
30	135
777-300er"}'	55
)	10
"Боинг	54
"embraer	67
'{"en":	21
"boei%'	51
a320neo"}'	62
'%76f%'	50
840	49
order	35
22	136
a330-900neo"	44
12	139
not	42
50	37
range	32
40	108
"Бомбардье	88
"Марибор"}'	163
'%77w%'	115
21	29
avg	13
"aero%'	31
e170"}'	70
group	33
null	43
'%abt%'	160
where	15
"aerobus	22
bookings.airplanes_data	7
,	24
"bomb%'	85
zealand"	172
913	56
49	63
"embr%'	97
from	6
11	129
model	19
14600	58
>	48
9	153
36	144
"ru":	25
<UNK>	3
<EOS>	2
42	132
5	12
"boeing	52
is	41
20	133
14	103
'789'	137
=	20
'%cr7%'	18
'%789%'	40
29	39
a350f"	23
24	28
'%32n%'	141
limit	11
a330-900neo"}'	45
6500	105
<SOS>	1
34	38
"vancouver"	169
airplane_code	16
903	95
"maribor"	162
'%351%'	98
767-300f"}'	100
"Аэробус	26
select	4
a350f"}'	27
37	66
46	120
'%7m7%'	140
13300	59
*	5
48	60
ilike	17
'7m7'	110
a320neo"	61
by	34
16	107
'339'	65
crj700"	87
777-300er"	53
'35x'	46
dreamliner"}'	92
"Эмбраэр	69
7"	75
800	82
max	74
count	8
desc	36
16700	113
6000	72
7"}'	76
737	73
14000	78
7000	77
4000	79
speed	14
32	64
47	80
43	93
19	81
830	83
829	94
<PAD>	0
4	102
bookings.airports_data	155
'%e70%'	84
e170"	68
'%339%'	112
787-9	90
timezone	157
'cr7'	71
8700	106
767-300f"	99
3100	101
'%35x%'	104
"turk%'	166
7	109
dreamliner"	91
39	111
'351'	114
31	116
13	57
45	126
crj700"}'	89
'76f'	117
a350-1000"	118
asc	47
27	96
a350-1000"}'	119
6	121
"bombardier	86
33	122
850	123
8	124
(	9
3	125
