1000
2025-01-11	999
2024-12-24	998
2024-10-30	997
2024-10-02	996
2024-09-02	995
2024-07-16	994
2024-06-08	993
2024-05-30	992
2024-05-26	991
2023-10-02	990
2023-09-12	988
2023-09-10	987
2023-07-03	986
2023-04-19	985
2022-12-22	984
2022-10-25	983
2022-10-19	982
2022-09-27	981
2022-08-18	980
2022-06-14	979
2022-06-06	978
2022-05-08	977
2022-04-20	976
2022-03-18	975
2022-01-15	974
2021-11-21	973
2021-11-16	972
2021-09-20	971
2021-09-01	970
2021-08-28	969
2021-08-07	968
2021-05-04	967
2021-01-17	966
2020-12-23	965
2020-07-21	964
2020-06-24	963
2019-11-23	961
2019-10-13	960
2019-10-12	959
2019-10-08	958
2019-06-20	957
2019-06-07	956
2019-04-08	955
2018-10-18	954
2018-10-05	953
2018-09-18	952
2018-05-13	951
2018-03-24	950
471	949
251	948
2025-12-30	947
2025-12-16	946
2025-12-06	945
2025-11-24	944
2025-03-22	943
2025-03-18	942
2025-02-27	941
2024-12-30	940
2024-11-21	939
2024-06-03	938
2024-04-16	937
2024-04-04	936
2024-03-21	935
2024-02-23	934
2023-12-19	933
2023-11-20	932
2023-11-03	931
2023-07-09	930
2023-06-02	929
2023-04-17	928
2023-04-07	927
2023-04-03	926
2023-01-17	925
2022-03-27	924
2022-01-21	923
2021-08-18	922
2020-10-05	921
2020-09-20	920
2020-08-12	919
2020-06-23	918
2020-04-26	917
2020-02-15	916
2019-10-16	915
2019-08-14	914
2019-06-09	913
2019-03-21	912
2019-03-11	911
2019-01-24	910
2018-11-22	909
2018-11-05	908
2018-07-21	907
2018-04-09	906
465	905
365	904
358	903
333	902
2025-12-07	901
2025-10-29	900
2025-08-25	899
2025-06-03	898
2025-05-02	897
2025-04-21	896
2025-02-22	895
2024-10-24	894
2024-06-24	893
2024-05-08	892
2024-01-21	891
2023-11-29	890
2023-10-19	889
2023-07-21	888
2023-01-21	887
2022-12-24	886
2022-06-30	885
2022-04-12	884
2022-03-06	883
2021-10-18	882
2021-09-03	881
2021-08-17	880
2021-08-15	879
2021-07-21	878
2021-06-18	877
2021-05-05	876
2020-12-17	875
2020-06-02	874
2020-01-21	873
2019-06-28	872
2019-05-18	871
2018-06-20	870
2018-03-29	869
286	868
262	867
2025-08-30	866
2025-08-29	865
2025-06-30	864
2025-05-25	863
2025-03-17	862
2025-03-12	861
2024-12-10	860
2024-09-19	859
2024-01-10	858
2023-09-25	857
2023-08-16	856
2022-05-09	855
2021-12-01	854
2021-08-21	853
2020-11-24	852
2020-01-30	851
2019-12-13	850
2019-11-29	849
2018-08-27	848
2018-08-01	847
2018-02-25	846
477	845
468	844
447	843
419	842
376	841
332	840
311	839
296	838
263	837
248	836
213	835
206	834
2025-08-31	833
2025-07-31	832
2025-07-18	831
2024-12-05	830
2024-08-01	829
2024-06-17	828
2024-06-14	827
2023-08-03	826
2023-07-02	825
2022-12-20	824
2022-03-31	823
2022-03-29	822
2021-08-08	821
2020-10-21	820
2019-07-23	819
201	818
476	817
418	816
381	815
378	814
360	813
352	812
234	811
2025-10-22	810
2025-06-23	809
2024-10-10	808
2024-01-22	807
2023-12-15	806
2023-05-11	805
2023-04-15	804
2022-05-07	803
2022-03-26	802
2021-06-15	801
2020-10-06	800
2019-10-18	799
2019-03-09	798
2018-06-10	797
2018-04-02	796
431	795
353	794
338	793
323	792
308	791
266	790
241	789
219	788
2024-12-25	787
2024-05-13	786
2023-09-22	785
2023-06-04	784
2022-08-05	783
2021-03-12	782
2019-07-06	781
2019-06-23	780
2018-02-04	779
481	778
472	777
446	776
400	775
398	774
382	773
345	772
283	771
273	770
259	769
239	768
237	767
2020-07-31	766
2020-01-22	765
2019-09-01	764
2019-08-01	763
432	762
393	761
392	760
390	759
346	758
322	757
281	756
271	755
257	754
253	753
231	752
229	751
2024-03-11	750
2022-04-26	749
2020-01-18	748
2019-05-12	747
460	746
458	745
440	744
411	743
354	742
343	741
324	740
316	739
302	738
277	737
264	736
211	735
2019-02-13	734
2018-12-14	733
2018-06-17	732
2018-04-26	731
499	730
467	729
461	728
457	727
445	726
435	725
417	724
380	723
355	722
310	721
290	720
280	719
269	718
221	717
216	716
2021-07-09	715
2019-03-08	714
2018-01-11	713
491	712
485	711
474	710
466	709
463	708
452	707
437	706
428	705
414	704
307	703
267	702
258	701
233	700
230	699
226	698
217	697
203	696
492	695
482	694
469	693
449	692
425	691
413	690
412	689
403	688
325	687
303	686
299	685
265	684
245	683
2018-05-23	682
402	681
395	680
394	679
348	678
326	677
321	676
313	675
288	674
243	673
207	672
493	671
470	670
462	669
454	668
427	667
415	666
384	665
371	664
366	663
294	662
289	661
250	660
236	659
2020-07-09	658
2020-03-26	657
464	656
459	655
406	654
383	653
364	652
356	651
334	650
328	649
305	648
295	647
292	646
284	645
244	644
223	643
202	642
475	641
450	640
442	639
436	638
379	637
375	636
359	635
357	634
293	633
275	632
246	631
498	630
473	629
453	628
386	627
361	626
320	625
282	624
279	623
252	622
242	621
224	620
209	619
484	618
455	617
448	616
385	615
374	614
362	613
344	612
340	611
329	610
319	609
309	608
298	607
287	606
214	604
210	603
205	602
495	601
416	600
391	599
370	598
342	597
331	596
272	595
268	594
240	593
496	592
483	591
433	590
426	589
410	588
399	587
327	585
297	584
285	583
256	582
254	581
232	580
486	579
444	578
443	577
439	576
434	575
408	574
405	573
396	572
351	571
350	570
337	569
300	567
261	566
488	565
456	564
421	563
407	562
367	561
318	560
304	559
249	558
487	557
478	556
441	555
430	554
420	553
339	552
314	551
291	550
208	549
489	548
423	547
388	546
363	545
276	544
270	543
228	542
227	541
397	540
336	539
312	538
278	537
247	536
373	535
368	534
274	533
220	532
212	531
497	530
347	529
255	528
490	527
480	526
451	525
438	524
424	523
341	522
330	521
479	520
429	519
225	518
494	517
389	516
260	515
238	514
306	513
301	512
372	511
204	510
200	509
377	508
128	507
122	506
159	505
165	504
138	503
191	502
192	501
166	500
160	499
105	498
148	497
158	496
100	495
198	494
151	493
104	492
157	491
129	490
106	489
195	488
175	487
156	486
101	485
181	484
170	483
153	482
121	481
108	480
199	479
147	478
103	477
173	476
169	475
196	474
113	473
142	472
194	471
155	470
184	469
172	468
162	467
193	466
115	465
132	464
114	463
167	462
189	461
161	460
112	459
197	458
186	457
144	456
136	455
117	454
130	453
118	452
188	451
127	450
109	449
141	448
137	447
123	446
125	445
124	444
102	443
190	442
177	441
174	440
171	439
149	438
152	437
154	436
133	435
176	434
119	433
182	432
150	431
179	430
143	429
139	428
131	427
185	426
145	425
180	424
163	423
110	422
107	421
187	420
126	419
183	418
120	417
134	416
168	415
146	414
111	413
140	412
135	411
116	410
164	409
178	408
95	407
99	406
98	405
96	404
97	403
2	402
76	401
65	400
58	399
68	398
94	397
92	396
78	395
89	394
84	393
335	586
55	392
88	391
71	390
51	389
67	388
59	387
54	386
63	385
82	384
75	383
56	382
87	381
72	380
69	379
85	378
81	377
70	376
93	375
77	374
52	373
74	372
86	371
61	370
66	369
90	368
80	367
91	366
57	365
50	364
83	363
79	362
60	361
53	360
64	359
73	358
62	357
46	356
45	355
47	354
34	353
30	352
42	351
37	350
33	349
36	347
35	346
32	345
49	344
38	343
48	342
43	341
40	340
44	339
41	338
4	337
3	336
31	335
9	334
8	333
6	332
5	331
21	330
11	329
15	328
2023-09-20	989
22	327
19	326
14	325
12	324
23	323
29	322
2020-06-07	962
20	321
28	320
18	319
13	318
25	317
16	316
26	315
10	314
17	313
27	312
toys	311
books	310
rub	309
eur	308
jpy	307
engineering	306
usd	305
home	304
hr	303
clothing	302
marketing	301
support	300
gbp	299
electronics	298
finance	297
manager	296
specialist	295
cancelled	294
refunded	293
dermatology	292
director	291
therapy	290
shipped	289
neurology	288
novosibirsk	287
cardiology	286
pending	285
pediatrics	284
engineer	283
music	282
news	281
analyst	280
travel	279
food	278
/docs	277
/pricing	276
/blog	275
/	274
ai	273
/login	272
/signup	271
router	270
camera	269
meter	268
history	267
delayed	266
thermostat	265
delivered	264
returned	263
biology	262
programming	261
physics	260
sensor	259
math	258
created	257
in_transit	256
currency	255
calculate	254
расходов	253
категориям	252
222	605
transfer	251
find	250
валюте	249
amount	248
expenses	247
income	246
счёта	245
баланс	244
operations	243
current	242
diagnosis	241
зарплате	240
специализации	239
врачей	238
people	237
priced	236
lowest	235
категории	234
title	233
highest	232
клиники	231
городе	230
заказов	229
товаров	228
дешёвых	227
диагнозов	226
week	225
the	224
from	223
приёмов	222
приёмы	221
дней	220
продаж	219
days	218
staff	217
дороже	216
diagnoses	215
должностью	214
отдела	213
зарплатой	212
средняя	211
отделам	210
зарплата	209
cheapest	208
sports	207
hours	206
hour	205
постам	204
комментариев	203
likes_count	202
часам	201
сутки	200
среднее	199
значение	198
older	197
last_seen	196
destination_city	195
deliveries	194
seen	193
not	192
device_type	191
dan@example.com	190
type	189
of	188
оценки	187
users	186
трекинга	185
событий	184
post_id	183
popular	182
лайками	181
updates	180
views	179
pages	178
bob@example.com	177
среднему	176
баллу	175
показания	174
статусам	173
доставок	172
постов	171
популярных	170
enrollments	169
path	168
уникальные	167
пользователи	166
связь	165
не	164
какие	163
день	162
выходили	161
курсе	160
parcels	159
page	158
value	157
telemetry	156
metric	155
has	154
enrolled	153
post	152
средний	151
курсам	150
балл	149
визитов	148
best	147
avg	146
events	145
тегом	144
carol@example.com	143
hourly	142
visitors	141
страниц	140
просмотрам	139
страницу	138
визиты	137
alice@example.com	136
voltage	135
sales	134
signal	133
temperature	132
power	131
humidity	130
paid	129
24	128
транзакции	127
создай	126
delete	125
set	124
транзакций	123
remove	122
new	121
add	120
a	119
,	118
update	117
обнови	116
balance	115
account	114
insert	113
удали	112
expense	111
ekb	110
all	109
найди	108
happened	107
сумма	106
дату	105
total	104
are	103
clinics	102
товары	101
specialty	100
doctors	99
из	98
appointments	97
price	96
типа	95
посчитай	94
daily	93
за	92
records	91
самых	90
между	89
и	88
дням	87
статусом	86
со	85
spb	84
sochi	83
kazan	82
moscow	81
7	80
tag	79
readings	78
выше	77
grades	76
устройства	75
студентов	74
comments	73
последних	72
посылки	71
above	70
посты	69
tracking	68
unique	67
likes	66
последние	65
город	64
orders	63
в	62
больше	61
is	60
id	59
топ	58
per	57
category	56
on	55
course	54
pageviews	53
grade	52
students	51
score	50
department	49
сотрудников	48
greater	47
315	568
recent	46
city	45
between	44
visits	43
to	42
top	41
devices	40
39	348
salary	39
shipments	38
email	37
пользователя	36
many	35
how	34
than	33
most	32
transactions	31
status	30
day	29
products	28
с	27
сколько	26
1	25
=	24
>	23
employees	22
average	21
на	20
in	19
posts	18
get	17
for	16
last	15
user	14
group	13
and	12
count	11
with	10
по	9
list	8
where	7
by	6
show	5
покажи	4
<UNK>	3
<EOS>	2
<SOS>	1
<PAD>	0
